{
 "cells": [
  {
   "cell_type": "code",
   "execution_count": 13,
   "id": "10bf4fb8-ef21-4779-8c26-1e26b5729776",
   "metadata": {},
   "outputs": [],
   "source": [
    "import pandas as pd"
   ]
  },
  {
   "cell_type": "code",
   "execution_count": 14,
   "id": "8470de4f-9f40-4503-a1a6-c54bb6056165",
   "metadata": {},
   "outputs": [],
   "source": [
    "df = pd.read_csv('student_marks.csv')"
   ]
  },
  {
   "cell_type": "code",
   "execution_count": 15,
   "id": "ab1d42f1-b6b3-49f6-86ab-3211f4802b84",
   "metadata": {},
   "outputs": [
    {
     "data": {
      "text/html": [
       "<div>\n",
       "<style scoped>\n",
       "    .dataframe tbody tr th:only-of-type {\n",
       "        vertical-align: middle;\n",
       "    }\n",
       "\n",
       "    .dataframe tbody tr th {\n",
       "        vertical-align: top;\n",
       "    }\n",
       "\n",
       "    .dataframe thead th {\n",
       "        text-align: right;\n",
       "    }\n",
       "</style>\n",
       "<table border=\"1\" class=\"dataframe\">\n",
       "  <thead>\n",
       "    <tr style=\"text-align: right;\">\n",
       "      <th></th>\n",
       "      <th>Student</th>\n",
       "      <th>Marks1</th>\n",
       "      <th>Marks2</th>\n",
       "      <th>Marks3</th>\n",
       "    </tr>\n",
       "  </thead>\n",
       "  <tbody>\n",
       "    <tr>\n",
       "      <th>0</th>\n",
       "      <td>Jim</td>\n",
       "      <td>280</td>\n",
       "      <td>70</td>\n",
       "      <td>60</td>\n",
       "    </tr>\n",
       "    <tr>\n",
       "      <th>1</th>\n",
       "      <td>Jack</td>\n",
       "      <td>200</td>\n",
       "      <td>60</td>\n",
       "      <td>55</td>\n",
       "    </tr>\n",
       "    <tr>\n",
       "      <th>2</th>\n",
       "      <td>Jones</td>\n",
       "      <td>270</td>\n",
       "      <td>40</td>\n",
       "      <td>30</td>\n",
       "    </tr>\n",
       "    <tr>\n",
       "      <th>3</th>\n",
       "      <td>Harshitha</td>\n",
       "      <td>250</td>\n",
       "      <td>55</td>\n",
       "      <td>46</td>\n",
       "    </tr>\n",
       "    <tr>\n",
       "      <th>4</th>\n",
       "      <td>Yaju</td>\n",
       "      <td>260</td>\n",
       "      <td>54</td>\n",
       "      <td>45</td>\n",
       "    </tr>\n",
       "    <tr>\n",
       "      <th>5</th>\n",
       "      <td>Sahaj</td>\n",
       "      <td>230</td>\n",
       "      <td>55</td>\n",
       "      <td>35</td>\n",
       "    </tr>\n",
       "  </tbody>\n",
       "</table>\n",
       "</div>"
      ],
      "text/plain": [
       "     Student  Marks1  Marks2  Marks3\n",
       "0        Jim     280      70      60\n",
       "1       Jack     200      60      55\n",
       "2      Jones     270      40      30\n",
       "3  Harshitha     250      55      46\n",
       "4       Yaju     260      54      45\n",
       "5      Sahaj     230      55      35"
      ]
     },
     "execution_count": 15,
     "metadata": {},
     "output_type": "execute_result"
    }
   ],
   "source": [
    "df"
   ]
  },
  {
   "cell_type": "code",
   "execution_count": 16,
   "id": "a151698c-fcf3-45e7-8d00-2928a9ab2830",
   "metadata": {},
   "outputs": [],
   "source": [
    "from sklearn.metrics.pairwise import euclidean_distances"
   ]
  },
  {
   "cell_type": "code",
   "execution_count": 17,
   "id": "7022c7ef-61f0-4cec-999f-506fdfc1f81f",
   "metadata": {},
   "outputs": [],
   "source": [
    "marks = df[['Marks1', 'Marks2', 'Marks3']]"
   ]
  },
  {
   "cell_type": "code",
   "execution_count": 18,
   "id": "752a5938-ff9d-486e-a1c7-b3bfbdcfa762",
   "metadata": {},
   "outputs": [],
   "source": [
    "ed = euclidean_distances(marks)"
   ]
  },
  {
   "cell_type": "code",
   "execution_count": 21,
   "id": "7a43531b-a358-4111-b641-eed0a397c629",
   "metadata": {},
   "outputs": [],
   "source": [
    "ed = pd.DataFrame(ed)"
   ]
  },
  {
   "cell_type": "code",
   "execution_count": 20,
   "id": "0abed11c-82c1-4b0d-b1b9-2a1c46bc869b",
   "metadata": {},
   "outputs": [
    {
     "data": {
      "text/html": [
       "<div>\n",
       "<style scoped>\n",
       "    .dataframe tbody tr th:only-of-type {\n",
       "        vertical-align: middle;\n",
       "    }\n",
       "\n",
       "    .dataframe tbody tr th {\n",
       "        vertical-align: top;\n",
       "    }\n",
       "\n",
       "    .dataframe thead th {\n",
       "        text-align: right;\n",
       "    }\n",
       "</style>\n",
       "<table border=\"1\" class=\"dataframe\">\n",
       "  <thead>\n",
       "    <tr style=\"text-align: right;\">\n",
       "      <th></th>\n",
       "      <th>0</th>\n",
       "      <th>1</th>\n",
       "      <th>2</th>\n",
       "      <th>3</th>\n",
       "      <th>4</th>\n",
       "      <th>5</th>\n",
       "    </tr>\n",
       "  </thead>\n",
       "  <tbody>\n",
       "    <tr>\n",
       "      <th>0</th>\n",
       "      <td>0.000000</td>\n",
       "      <td>80.777472</td>\n",
       "      <td>43.588989</td>\n",
       "      <td>36.345564</td>\n",
       "      <td>29.681644</td>\n",
       "      <td>57.879185</td>\n",
       "    </tr>\n",
       "    <tr>\n",
       "      <th>1</th>\n",
       "      <td>80.777472</td>\n",
       "      <td>0.000000</td>\n",
       "      <td>76.974022</td>\n",
       "      <td>51.048996</td>\n",
       "      <td>61.122827</td>\n",
       "      <td>36.400549</td>\n",
       "    </tr>\n",
       "    <tr>\n",
       "      <th>2</th>\n",
       "      <td>43.588989</td>\n",
       "      <td>76.974022</td>\n",
       "      <td>0.000000</td>\n",
       "      <td>29.681644</td>\n",
       "      <td>22.825424</td>\n",
       "      <td>43.011626</td>\n",
       "    </tr>\n",
       "    <tr>\n",
       "      <th>3</th>\n",
       "      <td>36.345564</td>\n",
       "      <td>51.048996</td>\n",
       "      <td>29.681644</td>\n",
       "      <td>0.000000</td>\n",
       "      <td>10.099505</td>\n",
       "      <td>22.825424</td>\n",
       "    </tr>\n",
       "    <tr>\n",
       "      <th>4</th>\n",
       "      <td>29.681644</td>\n",
       "      <td>61.122827</td>\n",
       "      <td>22.825424</td>\n",
       "      <td>10.099505</td>\n",
       "      <td>0.000000</td>\n",
       "      <td>31.638584</td>\n",
       "    </tr>\n",
       "    <tr>\n",
       "      <th>5</th>\n",
       "      <td>57.879185</td>\n",
       "      <td>36.400549</td>\n",
       "      <td>43.011626</td>\n",
       "      <td>22.825424</td>\n",
       "      <td>31.638584</td>\n",
       "      <td>0.000000</td>\n",
       "    </tr>\n",
       "  </tbody>\n",
       "</table>\n",
       "</div>"
      ],
      "text/plain": [
       "           0          1          2          3          4          5\n",
       "0   0.000000  80.777472  43.588989  36.345564  29.681644  57.879185\n",
       "1  80.777472   0.000000  76.974022  51.048996  61.122827  36.400549\n",
       "2  43.588989  76.974022   0.000000  29.681644  22.825424  43.011626\n",
       "3  36.345564  51.048996  29.681644   0.000000  10.099505  22.825424\n",
       "4  29.681644  61.122827  22.825424  10.099505   0.000000  31.638584\n",
       "5  57.879185  36.400549  43.011626  22.825424  31.638584   0.000000"
      ]
     },
     "execution_count": 20,
     "metadata": {},
     "output_type": "execute_result"
    }
   ],
   "source": [
    "ed"
   ]
  },
  {
   "cell_type": "code",
   "execution_count": 23,
   "id": "98d5ae2d-ef4b-4477-95d3-3b183439e60e",
   "metadata": {},
   "outputs": [],
   "source": [
    "ed.columns = df['Student'].values"
   ]
  },
  {
   "cell_type": "code",
   "execution_count": 24,
   "id": "be71cdaf-44c2-4844-92f6-7de2148186d4",
   "metadata": {},
   "outputs": [
    {
     "data": {
      "text/html": [
       "<div>\n",
       "<style scoped>\n",
       "    .dataframe tbody tr th:only-of-type {\n",
       "        vertical-align: middle;\n",
       "    }\n",
       "\n",
       "    .dataframe tbody tr th {\n",
       "        vertical-align: top;\n",
       "    }\n",
       "\n",
       "    .dataframe thead th {\n",
       "        text-align: right;\n",
       "    }\n",
       "</style>\n",
       "<table border=\"1\" class=\"dataframe\">\n",
       "  <thead>\n",
       "    <tr style=\"text-align: right;\">\n",
       "      <th></th>\n",
       "      <th>Jim</th>\n",
       "      <th>Jack</th>\n",
       "      <th>Jones</th>\n",
       "      <th>Harshitha</th>\n",
       "      <th>Yaju</th>\n",
       "      <th>Sahaj</th>\n",
       "    </tr>\n",
       "  </thead>\n",
       "  <tbody>\n",
       "    <tr>\n",
       "      <th>0</th>\n",
       "      <td>0.000000</td>\n",
       "      <td>80.777472</td>\n",
       "      <td>43.588989</td>\n",
       "      <td>36.345564</td>\n",
       "      <td>29.681644</td>\n",
       "      <td>57.879185</td>\n",
       "    </tr>\n",
       "    <tr>\n",
       "      <th>1</th>\n",
       "      <td>80.777472</td>\n",
       "      <td>0.000000</td>\n",
       "      <td>76.974022</td>\n",
       "      <td>51.048996</td>\n",
       "      <td>61.122827</td>\n",
       "      <td>36.400549</td>\n",
       "    </tr>\n",
       "    <tr>\n",
       "      <th>2</th>\n",
       "      <td>43.588989</td>\n",
       "      <td>76.974022</td>\n",
       "      <td>0.000000</td>\n",
       "      <td>29.681644</td>\n",
       "      <td>22.825424</td>\n",
       "      <td>43.011626</td>\n",
       "    </tr>\n",
       "    <tr>\n",
       "      <th>3</th>\n",
       "      <td>36.345564</td>\n",
       "      <td>51.048996</td>\n",
       "      <td>29.681644</td>\n",
       "      <td>0.000000</td>\n",
       "      <td>10.099505</td>\n",
       "      <td>22.825424</td>\n",
       "    </tr>\n",
       "    <tr>\n",
       "      <th>4</th>\n",
       "      <td>29.681644</td>\n",
       "      <td>61.122827</td>\n",
       "      <td>22.825424</td>\n",
       "      <td>10.099505</td>\n",
       "      <td>0.000000</td>\n",
       "      <td>31.638584</td>\n",
       "    </tr>\n",
       "    <tr>\n",
       "      <th>5</th>\n",
       "      <td>57.879185</td>\n",
       "      <td>36.400549</td>\n",
       "      <td>43.011626</td>\n",
       "      <td>22.825424</td>\n",
       "      <td>31.638584</td>\n",
       "      <td>0.000000</td>\n",
       "    </tr>\n",
       "  </tbody>\n",
       "</table>\n",
       "</div>"
      ],
      "text/plain": [
       "         Jim       Jack      Jones  Harshitha       Yaju      Sahaj\n",
       "0   0.000000  80.777472  43.588989  36.345564  29.681644  57.879185\n",
       "1  80.777472   0.000000  76.974022  51.048996  61.122827  36.400549\n",
       "2  43.588989  76.974022   0.000000  29.681644  22.825424  43.011626\n",
       "3  36.345564  51.048996  29.681644   0.000000  10.099505  22.825424\n",
       "4  29.681644  61.122827  22.825424  10.099505   0.000000  31.638584\n",
       "5  57.879185  36.400549  43.011626  22.825424  31.638584   0.000000"
      ]
     },
     "execution_count": 24,
     "metadata": {},
     "output_type": "execute_result"
    }
   ],
   "source": [
    "ed"
   ]
  },
  {
   "cell_type": "code",
   "execution_count": 26,
   "id": "cce2437b-7b13-4f93-a149-4643aa822ff1",
   "metadata": {},
   "outputs": [
    {
     "data": {
      "text/html": [
       "<div>\n",
       "<style scoped>\n",
       "    .dataframe tbody tr th:only-of-type {\n",
       "        vertical-align: middle;\n",
       "    }\n",
       "\n",
       "    .dataframe tbody tr th {\n",
       "        vertical-align: top;\n",
       "    }\n",
       "\n",
       "    .dataframe thead th {\n",
       "        text-align: right;\n",
       "    }\n",
       "</style>\n",
       "<table border=\"1\" class=\"dataframe\">\n",
       "  <thead>\n",
       "    <tr style=\"text-align: right;\">\n",
       "      <th></th>\n",
       "      <th>Jim</th>\n",
       "      <th>Jack</th>\n",
       "      <th>Jones</th>\n",
       "      <th>Harshitha</th>\n",
       "      <th>Yaju</th>\n",
       "      <th>Sahaj</th>\n",
       "    </tr>\n",
       "  </thead>\n",
       "  <tbody>\n",
       "    <tr>\n",
       "      <th>Jim</th>\n",
       "      <td>0.000000</td>\n",
       "      <td>80.777472</td>\n",
       "      <td>43.588989</td>\n",
       "      <td>36.345564</td>\n",
       "      <td>29.681644</td>\n",
       "      <td>57.879185</td>\n",
       "    </tr>\n",
       "    <tr>\n",
       "      <th>Jack</th>\n",
       "      <td>80.777472</td>\n",
       "      <td>0.000000</td>\n",
       "      <td>76.974022</td>\n",
       "      <td>51.048996</td>\n",
       "      <td>61.122827</td>\n",
       "      <td>36.400549</td>\n",
       "    </tr>\n",
       "    <tr>\n",
       "      <th>Jones</th>\n",
       "      <td>43.588989</td>\n",
       "      <td>76.974022</td>\n",
       "      <td>0.000000</td>\n",
       "      <td>29.681644</td>\n",
       "      <td>22.825424</td>\n",
       "      <td>43.011626</td>\n",
       "    </tr>\n",
       "    <tr>\n",
       "      <th>Harshitha</th>\n",
       "      <td>36.345564</td>\n",
       "      <td>51.048996</td>\n",
       "      <td>29.681644</td>\n",
       "      <td>0.000000</td>\n",
       "      <td>10.099505</td>\n",
       "      <td>22.825424</td>\n",
       "    </tr>\n",
       "    <tr>\n",
       "      <th>Yaju</th>\n",
       "      <td>29.681644</td>\n",
       "      <td>61.122827</td>\n",
       "      <td>22.825424</td>\n",
       "      <td>10.099505</td>\n",
       "      <td>0.000000</td>\n",
       "      <td>31.638584</td>\n",
       "    </tr>\n",
       "    <tr>\n",
       "      <th>Sahaj</th>\n",
       "      <td>57.879185</td>\n",
       "      <td>36.400549</td>\n",
       "      <td>43.011626</td>\n",
       "      <td>22.825424</td>\n",
       "      <td>31.638584</td>\n",
       "      <td>0.000000</td>\n",
       "    </tr>\n",
       "  </tbody>\n",
       "</table>\n",
       "</div>"
      ],
      "text/plain": [
       "                 Jim       Jack      Jones  Harshitha       Yaju      Sahaj\n",
       "Jim         0.000000  80.777472  43.588989  36.345564  29.681644  57.879185\n",
       "Jack       80.777472   0.000000  76.974022  51.048996  61.122827  36.400549\n",
       "Jones      43.588989  76.974022   0.000000  29.681644  22.825424  43.011626\n",
       "Harshitha  36.345564  51.048996  29.681644   0.000000  10.099505  22.825424\n",
       "Yaju       29.681644  61.122827  22.825424  10.099505   0.000000  31.638584\n",
       "Sahaj      57.879185  36.400549  43.011626  22.825424  31.638584   0.000000"
      ]
     },
     "execution_count": 26,
     "metadata": {},
     "output_type": "execute_result"
    }
   ],
   "source": [
    "ed.set_index(df['Student'].values)"
   ]
  },
  {
   "cell_type": "code",
   "execution_count": 27,
   "id": "24cf8c3a-0460-4a73-a091-6410326cc545",
   "metadata": {},
   "outputs": [
    {
     "data": {
      "text/html": [
       "<div>\n",
       "<style scoped>\n",
       "    .dataframe tbody tr th:only-of-type {\n",
       "        vertical-align: middle;\n",
       "    }\n",
       "\n",
       "    .dataframe tbody tr th {\n",
       "        vertical-align: top;\n",
       "    }\n",
       "\n",
       "    .dataframe thead th {\n",
       "        text-align: right;\n",
       "    }\n",
       "</style>\n",
       "<table border=\"1\" class=\"dataframe\">\n",
       "  <thead>\n",
       "    <tr style=\"text-align: right;\">\n",
       "      <th></th>\n",
       "      <th>Jim</th>\n",
       "      <th>Jack</th>\n",
       "      <th>Jones</th>\n",
       "      <th>Harshitha</th>\n",
       "      <th>Yaju</th>\n",
       "      <th>Sahaj</th>\n",
       "    </tr>\n",
       "  </thead>\n",
       "  <tbody>\n",
       "    <tr>\n",
       "      <th>count</th>\n",
       "      <td>6.000000</td>\n",
       "      <td>6.000000</td>\n",
       "      <td>6.000000</td>\n",
       "      <td>6.000000</td>\n",
       "      <td>6.000000</td>\n",
       "      <td>6.000000</td>\n",
       "    </tr>\n",
       "    <tr>\n",
       "      <th>mean</th>\n",
       "      <td>41.378809</td>\n",
       "      <td>51.053978</td>\n",
       "      <td>36.013618</td>\n",
       "      <td>25.000189</td>\n",
       "      <td>25.894664</td>\n",
       "      <td>31.959228</td>\n",
       "    </tr>\n",
       "    <tr>\n",
       "      <th>std</th>\n",
       "      <td>27.216778</td>\n",
       "      <td>29.926404</td>\n",
       "      <td>25.671447</td>\n",
       "      <td>18.335448</td>\n",
       "      <td>21.060856</td>\n",
       "      <td>19.589009</td>\n",
       "    </tr>\n",
       "    <tr>\n",
       "      <th>min</th>\n",
       "      <td>0.000000</td>\n",
       "      <td>0.000000</td>\n",
       "      <td>0.000000</td>\n",
       "      <td>0.000000</td>\n",
       "      <td>0.000000</td>\n",
       "      <td>0.000000</td>\n",
       "    </tr>\n",
       "    <tr>\n",
       "      <th>25%</th>\n",
       "      <td>31.347624</td>\n",
       "      <td>40.062661</td>\n",
       "      <td>24.539479</td>\n",
       "      <td>13.280985</td>\n",
       "      <td>13.280985</td>\n",
       "      <td>25.028714</td>\n",
       "    </tr>\n",
       "    <tr>\n",
       "      <th>50%</th>\n",
       "      <td>39.967277</td>\n",
       "      <td>56.085912</td>\n",
       "      <td>36.346635</td>\n",
       "      <td>26.253534</td>\n",
       "      <td>26.253534</td>\n",
       "      <td>34.019567</td>\n",
       "    </tr>\n",
       "    <tr>\n",
       "      <th>75%</th>\n",
       "      <td>54.306636</td>\n",
       "      <td>73.011223</td>\n",
       "      <td>43.444649</td>\n",
       "      <td>34.679584</td>\n",
       "      <td>31.149349</td>\n",
       "      <td>41.358857</td>\n",
       "    </tr>\n",
       "    <tr>\n",
       "      <th>max</th>\n",
       "      <td>80.777472</td>\n",
       "      <td>80.777472</td>\n",
       "      <td>76.974022</td>\n",
       "      <td>51.048996</td>\n",
       "      <td>61.122827</td>\n",
       "      <td>57.879185</td>\n",
       "    </tr>\n",
       "  </tbody>\n",
       "</table>\n",
       "</div>"
      ],
      "text/plain": [
       "             Jim       Jack      Jones  Harshitha       Yaju      Sahaj\n",
       "count   6.000000   6.000000   6.000000   6.000000   6.000000   6.000000\n",
       "mean   41.378809  51.053978  36.013618  25.000189  25.894664  31.959228\n",
       "std    27.216778  29.926404  25.671447  18.335448  21.060856  19.589009\n",
       "min     0.000000   0.000000   0.000000   0.000000   0.000000   0.000000\n",
       "25%    31.347624  40.062661  24.539479  13.280985  13.280985  25.028714\n",
       "50%    39.967277  56.085912  36.346635  26.253534  26.253534  34.019567\n",
       "75%    54.306636  73.011223  43.444649  34.679584  31.149349  41.358857\n",
       "max    80.777472  80.777472  76.974022  51.048996  61.122827  57.879185"
      ]
     },
     "execution_count": 27,
     "metadata": {},
     "output_type": "execute_result"
    }
   ],
   "source": [
    "ed.describe()"
   ]
  },
  {
   "cell_type": "code",
   "execution_count": null,
   "id": "cf0807ca-ed27-41e5-90b0-e4e6b29191b5",
   "metadata": {},
   "outputs": [],
   "source": []
  }
 ],
 "metadata": {
  "kernelspec": {
   "display_name": "Python 3 (ipykernel)",
   "language": "python",
   "name": "python3"
  },
  "language_info": {
   "codemirror_mode": {
    "name": "ipython",
    "version": 3
   },
   "file_extension": ".py",
   "mimetype": "text/x-python",
   "name": "python",
   "nbconvert_exporter": "python",
   "pygments_lexer": "ipython3",
   "version": "3.9.13"
  }
 },
 "nbformat": 4,
 "nbformat_minor": 5
}
